-88.9000 233.5000 0.0000
-63.5000 233.5000 0.0000
-38.1000 233.5000 0.0000
-12.7000 233.5000 0.0000
12.7000 233.5000 0.0000
38.1000 233.5000 0.0000
63.5000 233.5000 0.0000
88.9000 233.5000 0.0000
-88.9000 208.1000 0.0000
-63.5000 208.1000 0.0000
-38.1000 208.1000 0.0000
-12.7000 208.1000 0.0000
12.7000 208.1000 0.0000
38.1000 208.1000 0.0000
63.5000 208.1000 0.0000
88.9000 208.1000 0.0000
-88.9000 182.7000 0.0000
-63.5000 182.7000 0.0000
-38.1000 182.7000 0.0000
-12.7000 182.7000 0.0000
12.7000 182.7000 0.0000
38.1000 182.7000 0.0000
63.5000 182.7000 0.0000
88.9000 182.7000 0.0000
-88.9000 157.3000 0.0000
-63.5000 157.3000 0.0000
-38.1000 157.3000 0.0000
-12.7000 157.3000 0.0000
12.7000 157.3000 0.0000
38.1000 157.3000 0.0000
63.5000 157.3000 0.0000
88.9000 157.3000 0.0000
-88.9000 131.9000 0.0000
-63.5000 131.9000 0.0000
-38.1000 131.9000 0.0000
-12.7000 131.9000 0.0000
12.7000 131.9000 0.0000
38.1000 131.9000 0.0000
63.5000 131.9000 0.0000
88.9000 131.9000 0.0000
-88.9000 106.5000 0.0000
-63.5000 106.5000 0.0000
-38.1000 106.5000 0.0000
-12.7000 106.5000 0.0000
12.7000 106.5000 0.0000
38.1000 106.5000 0.0000
63.5000 106.5000 0.0000
88.9000 106.5000 0.0000

