153 120
200 120
248 120
295 120
343 120
390 120
438 120
485 120
153 168
200 168
248 168
295 168
343 168
390 168
438 168
485 168
153 215
200 215
248 215
295 215
343 215
390 215
438 215
485 215
153 263
200 263
248 263
295 263
343 263
390 263
438 263
485 263
153 310
200 310
248 310
295 310
343 310
390 310
438 310
485 310
153 358
200 358
248 358
295 358
343 358
390 358
438 358
485 358
153 120
200 120
248 120
295 120
343 120
390 120
438 120
485 120
153 168
200 168
248 168
295 168
343 168
390 168
438 168
485 168
153 215
200 215
248 215
295 215
343 215
390 215
438 215
485 215
153 263
200 263
248 263
295 263
343 263
390 263
438 263
485 263
153 310
200 310
248 310
295 310
343 310
390 310
438 310
485 310
153 358
200 358
248 358
295 358
343 358
390 358
438 358
485 358

