-85.9000 239.5000 0.0
-62.7857 239.5000 0.0
-39.6714 239.5000 0.0
-16.5571 239.5000 0.0
6.5571 239.5000 0.0
29.6714 239.5000 0.0
52.7857 239.5000 0.0
75.9000 239.5000 0.0
-85.9000 214.3000 0.0
-62.7857 214.3000 0.0
-39.6714 214.3000 0.0
-16.5571 214.3000 0.0
6.5571 214.3000 0.0
29.6714 214.3000 0.0
52.7857 214.3000 0.0
75.9000 214.3000 0.0
-85.9000 189.1000 0.0
-62.7857 189.1000 0.0
-39.6714 189.1000 0.0
-16.5571 189.1000 0.0
6.5571 189.1000 0.0
29.6714 189.1000 0.0
52.7857 189.1000 0.0
75.9000 189.1000 0.0
-85.9000 163.9000 0.0
-62.7857 163.9000 0.0
-39.6714 163.9000 0.0
-16.5571 163.9000 0.0
6.5571 163.9000 0.0
29.6714 163.9000 0.0
52.7857 163.9000 0.0
75.9000 163.9000 0.0
-85.9000 138.7000 0.0
-62.7857 138.7000 0.0
-39.6714 138.7000 0.0
-16.5571 138.7000 0.0
6.5571 138.7000 0.0
29.6714 138.7000 0.0
52.7857 138.7000 0.0
75.9000 138.7000 0.0
-85.9000 113.5000 0.0
-62.7857 113.5000 0.0
-39.6714 113.5000 0.0
-16.5571 113.5000 0.0
6.5571 113.5000 0.0
29.6714 113.5000 0.0
52.7857 113.5000 0.0
75.9000 113.5000 0.0

