-547208176 32757
-453137968 32757
1 0
-455042298 32757
1 0
0 0
32728144 0
-464173552 32757
-503842272 32766
-455008374 32757
268955647 0
640 0
-503842120 32766
6525912 0
0 0
0 0
1195724874 808464941
1297489968 1919895072
544498029 1481068584
1735393321 120
0 0
0 0
0 0
0 0
-2082941967 1074027618
0 0
-1126326949 -1074681322
0 0
1065324113 1078222506
0 0
-1138238157 0
0 0
995487170 1069616449
0 0
-1199453101 -1083920100
0 0
1619315981 -1074791032
0 0
382707128 -1077992217
0 0
757934975 1066517774
0 0
1413754136 1074340347
0 0
-2147483648 0
0 0
0 0
0 0
-543323328 32757
-503842880 32766
-543323280 32757
503842881 -32767
-503842881 32766
0 0
0 0
0 0
1195724874 808464941
1297489968 1919895072
2 0
14 -2147483648
0 0
0 0
0 0
-543323360 32757
1056 0
16 0
32889088 0
-503842120 32766
1 0
-546743028 32757
64 0
1040 0
-503842656 32766
0 0
-1199453101 -1083920100
0 0
503842657 -32767
-503842657 32766
16 0
66 64
2 0
0 0
93 110
0 0
0 0
119 124
0 0
0 0
0 0
0 0
2 0
-543323360 32757
1040 0
9984 0
32889088 0
-503842120 32766
1 0
-546730438 32757
2 0
-543324680 32757
1680813614 794915937
1701667171 1631805810
1130522988 1768320623
1836592743 108
0 0
4308256 0
6526024 0
-547036503 32757
2 0
-503842432 32766
1680813614 794915937
1701667171 1867342194
1231840612 1701273965
1953394499 1349283698
1953393007 2020879987
4325492 0
3 0
4383469 0
3 0
0 0
4383392 0
995125760 -759823455
-503842128 32766
0 0
4383392 0
-547141568 32757
-457357872 32757
-503842120 32766
-503842256 1
4309062 0
0 0
-2135703670 -1839487171
4308816 0
-503842128 32766
0 0
0 0
-1238122614 1839621207
-905724022 1840257406
0 0
0 0
0 0
-503842104 32766
-452849304 32757
-455038965 32757
0 0
0 0
4308816 0
-503842128 32766
0 0
4308857 0
-503842136 32766
28 0
1 0
-503836914 32766
0 0
-503836896 32766
-503836885 32766
-503836870 32766
-503836853 32766
-503836835 32766
-503836786 32766
-503836768 32766
-503836746 32766
-503836696 32766
-503836676 32766
-503836659 32766
-503836643 32766
-503836607 32766
-503836567 32766
-503836553 32766
-503836518 32766
-503836480 32766
-503836450 32766
-503836432 32766
-503836415 32766
-503836394 32766
-503836325 32766
-503836302 32766
-503836288 32766
-503836243 32766
-503836232 32766
-503836157 32766
-503834741 32766
-503834722 32766
-503834703 32766
-503834661 32766
-503834603 32766
-503834551 32766
-503834510 32766
-503834459 32766
-503834448 32766
-503834380 32766
-503834357 32766
-503834091 32766
-503834073 32766
-503834040 32766
-503834005 32766
-503833981 32766
-503833960 32766
-503833911 32766
-503833893 32766
-503833873 32766
-503833854 32766
-503833837 32766
-503833822 32766
-503833768 32766
-503833747 32766
-503833718 32766
-503833700 32766
-503833671 32766
-503833653 32766
-503833646 32766
-503833620 32766
-503833589 32766
-503833581 32766
-503833564 32766
-503833549 32766
-503833530 32766
-503833515 32766
-503833471 32766
-503833453 32766
-503833397 32766
-503833347 32766
-503833315 32766
-503833288 32766
-503833274 32766
-503833214 32766
-503833114 32766
-503833096 32766
-503833001 32766
-503832978 32766
-503832946 32766
-503832931 32766
-503832897 32766
-503832862 32766
-503832831 32766
-503832820 32766
-503832794 32766
-503832775 32766
-503832741 32766
-503832727 32766
-503832690 32766
-503832676 32766
-503832641 32766
-503832622 32766
0 0
33 0
-503480320 32766
16 0
-1075053569 0
6 0
4096 0
17 0
100 0
3 0
4194368 0
4 0
56 0
5 0
9 0
7 0
-455106560 32757
8 0
0 0
9 0
4308816 0
11 0
1000 0
12 0
1000 0
13 0
1000 0
14 0
1000 0
23 0
0 0
25 0
-503841047 32766
26 0
0 0
31 0
-503832602 32766
15 0
-503841031 32766
0 0
0 0
0 0
1349188864 -1241276101
-601687598 -985059885
909670623 3421791
0 0
0 0
0 0
0 0
0 0
0 0
0 0
0 0
0 0
0 0
0 0
0 0
0 0
0 0
0 0
0 0
0 0
0 0
0 0
0 0
0 0
0 0
0 0
0 0
0 0
0 0
0 0
0 0
0 0
0 0
0 0
0 0
0 0
0 0
0 0
0 0
0 0
0 0
0 0
0 0
0 0
0 0
0 0
0 0
0 0
0 0
0 0
0 0
0 0
0 0
0 0
0 0
0 0
0 0
0 0
0 0
0 0
0 0
0 0
0 0
0 0
0 0
0 0
0 0
0 0
0 0
0 0
0 0
0 0
0 0
0 0
0 0
0 0
0 0
0 0
0 0
0 0
0 0
0 0
0 0
0 0
0 0
0 0
0 0
0 0
0 0
0 0
0 0
0 0
0 0
0 0
0 0
0 0
0 0
0 0
0 0
0 0
0 0
0 0
0 0
0 0
0 0
0 0
0 0
0 0
0 0
0 0
0 0
0 0
0 0
0 0
0 0
0 0
0 0
0 0
0 0
0 0
0 0
0 0
0 0
0 0
0 0
0 0
0 0
0 0
0 0
0 0
0 0
0 0
0 0
0 0
0 0
0 0
0 0
0 0
0 0
0 0
0 0
0 0
0 0
0 0
0 0
0 0
0 0
0 0
0 0
0 0
0 0
0 0
0 0
0 0
0 0
0 0
0 0
0 0
0 0
0 0
0 0
0 0
0 0
0 0
0 0
0 0
0 0
0 0
0 0
0 0
0 0
0 0
0 0
0 0
0 0
0 0
0 0
0 0
0 0
0 0
0 0
0 0
0 0
0 0
0 0
0 0
0 0
0 0
0 0
0 0
0 0
0 0
0 0
0 0
0 0
0 0
0 0
0 0
0 0
0 0
0 0
0 0
0 0
0 0
0 0
0 0
0 0
0 0
0 0
0 0
0 0
0 0
0 0
0 0
0 0
0 0
0 0
0 0
0 0
0 0
0 0
0 0
0 0
0 0
0 0
0 0
0 0
0 0
0 0
0 0
0 0
0 0
0 0
0 0
0 0
0 0
0 0
0 0
0 0
0 0
0 0
0 0
0 0
0 0
0 0
0 0
0 0
0 0
0 0
0 0
0 0
0 0
0 0
0 0
0 0
0 0
0 0
0 0
0 0
0 0
0 0
0 0
0 0
0 0
0 0
0 0
0 0
0 0
0 0
0 0
0 0
0 0
0 0
0 0
0 0
0 0
0 0
0 0
0 0
0 0
0 0
0 0
0 0
0 0
0 0
0 0
0 0
0 0
0 0
0 0
0 0
0 0
0 0
0 0
0 0
0 0
0 0
0 0
0 0
0 0
0 0
0 0
0 0
0 0
0 0
0 0
0 0
0 0
0 0
0 0
0 0
0 0
0 0
0 0
0 0
0 0
0 0
0 0
0 0
0 0
0 0
0 0
0 0
0 0
0 0
0 0
0 0
0 0
0 0
0 0
0 0
0 0
0 0
0 0
0 0
0 0
0 0
0 0
0 0
0 0
0 0
0 0
0 0
0 0
0 0
0 0
0 0
0 0
0 0
0 0
0 0
0 0
0 0
0 0
0 0
0 0
0 0
0 0
0 0
0 0
0 0
0 0
0 0
0 0
0 0
0 0
0 0
0 0
0 0
0 0
0 0
0 0
0 0
0 0
0 0
0 0
0 0
0 0
0 0
0 0
0 0
0 0
0 0
0 0
0 0
0 0
0 0
0 0
0 0
0 0
0 0
0 0
0 0
0 0
0 0
0 0
0 0
0 0
0 0
0 0
0 0
0 0
0 0
0 0
0 0
0 0
0 0
0 0
0 0
0 0
0 0
0 0
0 0
0 0
0 0
0 0
0 0
0 0
0 0
0 0
0 0
0 0
0 0
0 0
0 0
0 0
0 0
0 0
0 0
0 0
0 0
0 0
0 0
0 0
0 0
0 0
0 0
0 0
0 0
0 0
0 0
0 0
0 0
0 0
0 0
0 0
0 0
0 0
0 0
0 0
0 0
0 0
0 0
0 0
0 0
0 0
0 0
0 0
0 0
0 0
0 0
0 0
0 0
0 0
0 0
0 0
0 0
0 0
0 0
0 0
0 0
0 0
0 0
0 0
0 0
0 0
0 0
0 0
0 0
0 0
0 0
0 0
0 0
0 0
0 0
0 0
0 0
0 0
0 0
0 0
0 0
0 0
0 0
0 0
0 0
0 0
0 0
0 0
0 0
0 0
0 0
0 0
0 0
0 0
0 0
0 0
0 0
0 0
0 0
0 0
0 0
0 0
0 0
0 0
0 0
0 0
0 791543808
1701667171 1867342194
1147954532 6386785
1598506072 1380865110
1275082557 1095786307
1028801872 1381988210
1129054295 1145323871
1397966162 1601663549
1476417362 1398753092
1230197573 1230982735
845364548 1195661312
1163020127 1380275269
1413563487 1229217601
1982807378 1815048801
1815044713 1952999273
1680698724 794915937
1936876129 1129054312
1313819999 1380013125
2003975513 5722719
1414876227 1599227220
1298091337 1280656463
1769487685 1346830445
1195466567 1599360581
1330007625 1869098813
1630496109 1752396386
1852255791 795308149
1885810259 1734421863
980708965 3226160
1297237332 1702131773
841837938 1868772917
7499628 1598379094
1397900630 1028542281
892351028 1162367744
792546380 795765090
1752392034 1397707264
1330598495 1865366868
1915712624 1798271855
1952804457 1932485481
1701994856 1936683567
1397707264 1128353887
1162297675 1413566559
1865366856 1915712624
1798271855 1952804457
1932485481 1701994856
1313817344 1398751556
1280724040 1358967101
1229741908 1599624526
1162036033 1112101715
1414089801 1279352665
1398358359 1028542303
1330774065 1095589715
1380275283 1230132575
1953785917 791624304
1633906540 1936681068
825309812 3223859
1145982787 1380998977
1414548815 1146047839
1162430025 1646804306
694514529 1230438432
1464812622 909984841
909128249 3551792
1314865996 1380273493
1916617545 1465016183
1397707264 1415139423
1598967624 1397900630
1028542281 1347747890
1380013139 1163091796
1330205523 1853177166
1631221865 1920234338
1031037793 1836016431
1969386799 796226670
1953722485 762606177
1936942451 795766633
808464433 842215983
1191196208 1162694478
1497713503 1196312914
1313817439 1280266836
1330774077 1163288403
1330205522 3226958
1598772295 1430540109
1028867404 1818845543
1802789178 1769103917
979724132 1953066613
1952918905 1869426027
1701606756 1163089152
1650539858 6845298
1281311820 1095909961
1348426066 1028150337
1953525551 1936683567
1852402479 1667855461
1651076143 1886334778
1869754228 1768632179
1769235822 1768697699
947400546 875978550
1852402733 1731033205
1275098478 1329815379
1397903180 1030976061
1768176176 993079357
1815753779 825245038
976630587 809330797
1768962608 993014845
1933194035 825245039
976565051 809332580
892549937 1029988922
859516980 825244467
1029989178 859516980
825244467 1030909754
859516980 825244465
1030319418 1933193264
926104949 976303163
859662195 859061040
1029792570 876294195
2004105777 993014589
1866084916 875773303
976368699 859665523
875838263 1031300410
859517232 774519346
1030906228 859517232
774519345 1031432052
859517232 774519345
1029927521 859517232
774519345 1030386273
859517232 774519345
1031430516 859517232
774519345 1029793900
859517232 774519345
1026849388 859517232
774519345 1030257260
859517232 774519345
1634564716 993079357
708456755 2053927982
993079357 708456755
2054714414 993079357
708456755 1870296110
993079357 708456755
2050454574 993079357
708456755 1885960750
993079357 708456755
809335342 825441073
1512974906 993079357
708456755 1031431214
859517232 774519345
809335399 825441073
1814964794 809335410
825441073 1814964794
825245050 976302907
2053910058 825245039
976302907 2054696490
993079357 708456755
846881326 993079357
708456755 1031430702
859517232 774519345
1031430772 859517232
774519345 846881396
993079357 708456755
1031435310 859517232
774519345 1029858660
859517232 774519345
1030582386 859517232
774519345 1030906218
859517232 774519345
1030906231 859517232
774519345 1030906213
859517232 774519345
1030906227 859517232
774519345 1030906226
859517232 774519345
1031433313 859517232
774519345 1030054753
859517232 774519345
1030713210 859517232
774519345 1869181027
993079357 708456755
1031419694 859517232
774519345 809335410
825441073 1663969850
809329249 825441073
1781410362 809330544
892549937 1781410362
1030186352 859517232
774519349 1030121831
859517232 774519349
1030778210 859517232
774519349 1030578800
859517232 774519349
1030580080 859517232
774519349 1030582384
859517232 774519349
1029793652 859517232
774519349 1030578808
859517232 774519349
1030582392 859517232
774519349 1030121844
859517232 774519349
1717987700 993079357
708457779 1735290926
993079357 708457779
1735815982 993079357
708457779 1735815982
825245050 976565051
1852649002 825245031
976565051 1668296234
825245048 976565051
1869426218 825245046
976565051 1886203434
825245031 976565051
1886203434 809330533
892549937 1831742010
809334322 892549937
1831742010 809334379
892549937 1999514170
1030578789 859517232
774519349 1030580079
859517232 774519349
1026846829 859517232
774519349 1031156845
859517232 774519349
1983148141 993079357
708457779 1651471918
993079357 708457779
1031041326 859517232
774519349 1031173486
859517232 774519349
1031171447 859517232
774519349 1030124385
859517232 774519349
809332082 892549937
1915628090 1029863021
859517232 774519349
1029925990 859517232
774519349 1030321761
859517232 774519349
1030319206 859517232
774519349 1031171174
859517232 774519349
809331815 892549937
1680747066 825245036
976565051 1668820522
825245030 976565051
2004364842 825245028
976565051 1970875946
825245046 976565051
1734553130 825245037
976565051 1835347498
825245030 976565051
1735339562 825245046
976565051 1735339562
825245048 976565051
1633758762 808467811
976630587 1969303082
993013821 708458035
1634493998 808467811
976630587 879570474
808467809 976630587
1768762922 808467812
976630587 1768762922
809331044 909327152
1831742010 809329003
909327152 1831742010
809317232 909327152
1831742010 809329520
909327152 1865296442
809330535 909327152
1915628090 808467809
976630587 1635200554
808467830 976630587
1735339562 808467809
976630587 1886334506
809333621 909327152
1932405306 809334896
909327152 2016291386
1030123635 859516976
1275083318 1163157315
1213220172 1027952207
1381988210 1414594647
1128481119 1230197573
1229736258 826104148
1313817344 1163870532
792544600 1701670760
1919050031 1630496883
1868783982 862020718
1852400175 1852793647
1476419940 1398753092
1230197573 1348423247
1028150337 1735552815
1701996079 1936024677
1886352491 1936278575
2036427888 1634623821
796026215 1936942419
812543849 1195661312
1095062367 1095786324
792545364 795308655
1701147238 1802724708
795897716 1886611780
1299800428 1734438497
1395618405 812933477
1213420288 1414873439
1330863944 792546115
795768178 1919251317
808464687 1701523248
1852404345 1936928615
1162084456 1280655686
1348424532 1028150337
1920169263 1634235183
1731159410 1718513507
1969386799 779449454
1634100580 779381877
1752457584 1162043136
1313817439 4014404
1598506072 1179537219
1147094857 1028870729
1668572463 1734637615
1734637615 1969386797
980776046 1920169263
1634235183 1966040434
1635021680 2016375922
792356708 795047013
6775928 1263748420
1599098708 1397966163
1028542281 1853186677
1342207348 1028150337
1953525551 1936683567
1852402479 1667855461
1852400175 1869098810
1630496109 1752396386
1634623791 1684959075
1647260513 792358505
1701670760 1919050031
1630496883 1868783982
862020718 1852793647
1768055140 1747925614
795176303 1936876129
1768042344 1747925614
795176303 1936876129
1814966120 1818321775
1852400175 1937059642
1869361010 795631971
1852400243 1937059642
1869361010 795631971
980314466 1920169263
1768059695 1966029422
1647276659 792358505
1852400243 1768042298
1966029422 1731162739
1936026977 1937059642
1869361010 795631971
1701667175 1932474995
795894126 980314466
1836017711 1650536293
795374450 1886612589
1852796207 1634038388
1868967276 1684366194
1768710445 1919250023
1852400175 1599361280
1298091337 1280656463
1651064133 1358984053
1347510100 1280335681
1330009153 1213484370
1027951941 1836085345
762670693 3503217
1145982787 1380998977
1481197125 1869098813
1630496109 1752396386
1634623791 1684959075
1275081569 1145659203
1230261829 1094928710
1313818964 1601663549
1476417362 1398753092
1230197573 1415532111
1027952729 3223928
1027888976 1836017711
1650536293 795374450
1802661751 1667330163
1869754213 1701064563
795633014 794978668
1952671084 1936028277
1112492544 1869506365
1932354925 1769173861
1476423279 1229213517
1380272454 1765817683
1651064173 1191211893
1162694478 1497713503
1196312914 1145655391
1095499837 1698514766
1398103918 1179931950
1191196717 1281314116
1028083265 1432317541
1095565395 1413563470
1599689295 1213481296
1937059645 1752379250
795177569 1852793703
1651847014 1970564725
1851878702 1869898084
1882093938 6845537
1298088780 1431519557
1162691922 1916621902
1465016183 1297040128
1599752528 1179537219
1348421449 1229344594
1966949708 1953396066
1296629877 1313817439
1598507334 1396787280
3226949 1280528210
1599099721 1262698832
1598375745 1163020612
1380930627 1028867401
1296320256 1397966163
1028542281 1853186677
1593865588 1298089283
1163067453 1330205523
1348031566 1852259653
761621871 1936942451
7237481 843797575
1146047839 1397050453
1702260541 2036427890
1919120173 1651272815
1392538209 1280724040
1207972157 1027951951
1836017711 1650536293
6845298 1598506072
1413563731 1634038589
1375744116 1147097935
1381258057 1768635727
1769235822 1095499875
1096107854 1698514247
1398103918 1330530048
1147094349 1414222661
1398755407 1230197573
1230982735 1752448324
1764586345 1701064051
1667592816 1684370529
1397773568 1414676820
1397639519 1129202004
1342192965 1330140249
1413566542 1865366856
1915712624 1798271855
1952804457 1815044969
1882153577 1869116537
925774446 1936286767
1634741620 1734437731
1124103013 1094995535
1415139423 1598967624
1027954757 1836017711
1650536293 795374450
1667329633 1633971823
1768042291 2037395310
1852794996 1397773568
1414676820 1163281759
1028871246 1918989427
543450484 1918989427
1735289204 1195661312
1397052255 1313818963
1397048415 1347376203
1969386813 7697518
1313296204 1027951937
1936876129 1111752808
1398756181 1230197573
1113542223 1096766293
1163019332 1966953299
980969838 1953718881
1952670066 1836330813
1650732912 1814918005
1699698531 1348619570
1146617976 1094999879
1147093332 1028870729
1920169263 1634235183
1966040434 1953396066
1966029429 1932489331
1701994856 1869506351
792356205 796029813
1633906540 1752379244
979726945 1920169263
1634235183 792356210
796025206 794978668
1885433459 1701064548
1869900659 1414594672
1296654132 1146047839
1027951701 7170424
1598507856 1179537219
1348421449 1028150337
1953525551 1936683567
1852402479 1667855461
1651076143 1735094319
1718513507 792356713
796160111 796094322
1701734763 795044212
794978668 1597388920
1814901814 2020961897
1970169645 1735094319
1718513507 1124099945
1094995535 1178944607
1414288705 1447970143
1935761981 1162608741
1347375955 2084392517
1937059616 1768042354
1701588846 1768977267
622880112 1313407091
1312904275 1430078787
2037672302 1397773568
1414676820 1112492639
1768846653 1932360052
1769239653 762537838
1835360612 1124101743
1162559821 1163